0.00385379
0.00159679
0.000919125
0.000767917
0.000752792
0.000727083
0.000697041
0.000668542
0.00128162
0.000740792
0.000734958
0.000688167
0.000749375
0.000720333
0.000675667
0.000695083
0.000702666
0.000745709
0.000720334
0.000729959
0.0007175
0.000745416
0.000680167
0.000677
0.000700042
0.000714167
0.000695375
0.0006915
0.000712833
0.000709917
0.000695875
0.000754917
0.000720208
0.000671958
0.000705917
0.0006895
0.000686833
0.000711667
0.000690792
0.00068875
0.000687625
0.000734125
0.0007345
0.000714458
0.000719291
0.000685875
0.000668959
0.000699083
0.000681125
0.00071275
0.000674333
0.000805416
0.000674916
0.0007085
0.000694417
0.000721
0.000685083
0.0006905
0.000680458
0.000724917
0.000709333
0.000753667
0.000704667
0.000724709
0.00072075
0.000709416
0.000680208
0.000684208
0.000695042
0.000756708
0.000743083
0.000700667
0.000682125
0.000731791
0.000688417
0.0006885
0.000709
0.000718916
0.000680959
0.000727708
0.000706875
0.000699333
0.000762625
0.000673541
0.000749375
0.000749708
0.0007395
0.000743625
0.000747416
0.000757167
0.0007315
0.000734
0.000727125
0.00071075
0.000760625
0.000719375
0.000702583
0.000712708
0.000691458
0.000703042
