0.00399563
0.00202992
0.00105533
0.000890833
0.000806959
0.000747417
0.00071825
0.000717625
0.000855125
0.00132521
0.000756541
0.000725791
0.000719209
0.000782
0.000788459
0.000748875
0.0007775
0.000722
0.000774291
0.000781792
0.000738125
0.000772333
0.000738334
0.000774042
0.000785291
0.00074075
0.000776875
0.000765125
0.000732959
0.000723875
0.000730458
0.000724708
0.000742083
0.000739375
0.000750458
0.000790083
0.000780708
0.000772292
0.000740208
0.00075475
0.000828708
0.000753875
0.000766
0.000775791
0.000787792
0.000745375
0.000810875
0.000791041
0.000726208
0.000742458
0.0007365
0.000719583
0.000734333
0.000774542
0.000781833
0.00074875
0.000717958
0.000737291
0.000747541
0.000778583
0.00080775
0.000799667
0.000760375
0.00080975
0.000803125
0.000728833
0.000754334
0.000735208
0.000741875
0.000752667
0.000730166
0.000752542
0.000803083
0.000803291
0.000774209
0.000764625
0.000738875
0.000753333
0.000789208
0.000735666
0.000725584
0.000756083
0.000735209
0.000720375
0.000784208
0.0008075
0.000763459
0.000782375
0.000794875
0.000783292
0.000771375
0.000807375
0.000766333
0.000829292
0.000786875
0.000786334
0.00079925
0.000723791
0.000739708
0.000772791
