0.00228279
0.00177875
0.00107996
0.000923917
0.000851291
0.000793541
0.00079525
0.000781959
0.00100958
0.000868625
0.000809166
0.000788833
0.000839792
0.000789792
0.0008575
0.00079575
0.000791292
0.0007845
0.000815042
0.000855666
0.000823083
0.000847084
0.000839625
0.000813041
0.000796958
0.000791458
0.000788459
0.000803542
0.000784375
0.000779708
0.000789834
0.000787
0.000784625
0.00084775
0.000789792
0.000815917
0.000783292
0.000782417
0.000842792
0.000791792
0.00083225
0.000825208
0.000778375
0.000842084
0.000799875
0.000805875
0.000811209
0.000864
0.000789
0.000773833
0.000774333
0.000800166
0.000814667
0.000858583
0.000783167
0.000772792
0.000816959
0.000781667
0.000835334
0.00077425
0.000816208
0.000876542
0.000842458
0.000833958
0.00078075
0.000784625
0.000814833
0.000871584
0.000791209
0.0008185
0.00081575
0.0008735
0.000816833
0.000846584
0.00080725
0.000816333
0.000790333
0.000803542
0.000796791
0.000789833
0.0008495
0.000883583
0.000787417
0.000800042
0.000832959
0.000838959
0.000816084
0.000813875
0.000828083
0.000823417
0.000889417
0.000859917
0.000826459
0.000823334
0.000815208
0.000818833
0.000867209
0.000839584
0.0008045
0.000837292
