0.000910125
0.000538083
0.000400125
0.000346042
0.000340458
0.000327334
0.000330333
0.000421125
0.000455667
0.000678417
0.000361875
0.000365875
0.000359333
0.00032875
0.000330917
0.000347042
0.000347375
0.000330958
0.000351625
0.000329875
0.000336417
0.000330875
0.000340167
0.000337375
0.000336708
0.000352292
0.000334667
0.000332167
0.000381542
0.0003475
0.000346625
0.000333375
0.000329292
0.000367167
0.000345584
0.000338583
0.00032925
0.000408
0.000362792
0.000341375
0.0004405
0.000363625
0.000329208
0.0003355
0.000370875
0.000352042
0.000334208
0.000344792
0.000458666
0.00033275
0.000363791
0.000328458
0.000353584
0.000370125
0.0003905
0.000339583
0.000362166
0.000434333
0.000345917
0.000337708
0.000374833
0.000328292
0.000448958
0.000338875
0.000349375
0.000332333
0.000511667
0.000339917
0.000358667
0.00036
0.000341333
0.000384292
0.000347834
0.00036325
0.000356375
0.000436208
0.000332875
0.000375125
0.00037975
0.000328042
0.000356542
0.000339042
0.000341333
0.00037675
0.000385416
0.000345542
0.000345292
0.00034375
0.000374625
0.000386416
0.000406166
0.000363542
0.000375625
0.00035475
0.000363375
0.000340084
0.000371625
0.0003395
0.000330125
0.000375875
