0.00199108
0.00116854
0.000783
0.000681917
0.000667208
0.000670708
0.000641125
0.000679042
0.00068475
0.00148583
0.000661584
0.000654542
0.000620625
0.00063875
0.000611458
0.000605208
0.000628
0.000662583
0.000675
0.000625625
0.000608709
0.000617542
0.000619416
0.000609042
0.000611459
0.000609875
0.000618584
0.000658583
0.000671959
0.000646542
0.000635416
0.000627167
0.00064725
0.000619625
0.000632667
0.000615084
0.000654708
0.000627292
0.000660375
0.000642334
0.000659916
0.00064375
0.000670625
0.00062575
0.000645542
0.000638292
0.0006775
0.000661917
0.000671125
0.000616709
0.000641708
0.000630875
0.000626791
0.000675417
0.000631042
0.000617333
0.000660666
0.000658
0.000656
0.00060825
0.000623666
0.000673791
0.000673709
0.000639833
0.000647833
0.000679459
0.000640416
0.000647375
0.00069525
0.000631667
0.0006355
0.000631083
0.000638083
0.000630458
0.000624625
0.000686417
0.000652041
0.000662541
0.0006225
0.000641084
0.000611333
0.000604417
0.000671708
0.000657583
0.000662417
0.000674875
0.00067075
0.000682292
0.000651083
0.00064025
0.000643208
0.000643166
0.000637375
0.000678625
0.000635083
0.000636459
0.000621584
0.000609166
0.000657334
0.000601792
