0.00266525
0.00491183
0.00183183
0.00137871
0.00124042
0.00115979
0.00114446
0.00114646
0.00128587
0.00125829
0.00370729
0.00118483
0.00115592
0.00124537
0.00114317
0.00115883
0.00116017
0.00114779
0.00115029
0.00125667
0.0011505
0.00113979
0.00118183
0.00114971
0.00113712
0.00121021
0.00119896
0.00116004
0.00116546
0.00114504
0.00115246
0.00113138
0.00113483
0.00113329
0.00117783
0.00114688
0.00113579
0.00121429
0.00115187
0.00113942
0.00116208
0.00117212
0.00117071
0.00118133
0.00115304
0.00115142
0.00124233
0.00121967
0.00112433
0.00114042
0.00120529
0.00112242
0.00116212
0.00117883
0.00115067
0.00115475
0.00126121
0.00115629
0.00113983
0.00113813
0.00113663
0.00115358
0.00113958
0.00114963
0.00117296
0.00115783
0.00118258
0.00114229
0.001136
0.00113425
0.00114613
0.00112912
0.00118608
0.0011985
0.00120137
0.00114129
0.00115758
0.00112479
0.00112517
0.00117096
0.00114475
0.00113612
0.00113304
0.00112675
0.00121779
0.00125704
0.00121363
0.00130958
0.00121479
0.00121604
0.00119137
0.00120833
0.00121908
0.00121575
0.00123021
0.0011885
0.00123196
0.00120013
0.00113208
0.00113867
