0.00218921
0.00117308
0.000826833
0.000719583
0.000675625
0.00062975
0.000692458
0.000668792
0.000836458
0.000715042
0.000663958
0.000688417
0.000648
0.000638041
0.000638041
0.000636666
0.000651417
0.000670417
0.000703208
0.000732541
0.000687583
0.000634458
0.000636625
0.000646458
0.000663834
0.000641375
0.000671917
0.000651291
0.0006775
0.000693375
0.000687834
0.0006345
0.000685792
0.000689
0.000639792
0.000687708
0.000636667
0.000641125
0.000700584
0.000661166
0.000693541
0.000664042
0.000667125
0.000672625
0.000656666
0.000683084
0.000642375
0.000655708
0.000665125
0.000772875
0.000648792
0.000666917
0.000641208
0.000626792
0.000641541
0.000681375
0.000639791
0.000661084
0.000720625
0.000682834
0.000696083
0.000722792
0.0006445
0.000689042
0.000733834
0.0007
0.000691375
0.000668708
0.00070875
0.000687916
0.000688833
0.000651667
0.000683125
0.000700834
0.00064275
0.000644375
0.000738042
0.000694875
0.000669917
0.000699792
0.000649625
0.000636208
0.00064775
0.000663833
0.000665458
0.000672792
0.000674
0.00074675
0.00067575
0.00074175
0.00069625
0.000669458
0.000699375
0.00066825
0.000705458
0.000705042
0.000672959
0.000670584
0.000684417
0.000675209
